15
1000000 0.165944
1000000 0.002497
2000000 0.316130
2000000 0.004762
3000000 0.466715
3000000 0.007111
5000000 0.804690
5000000 0.016144
6000000 0.891411
6000000 0.014011
8000000 1.217346
8000000 0.022795
9000000 1.375018
9000000 0.028060
10000000 1.534389
10000000 0.027295
12000000 1.942575
12000000 0.032186
14000000 2.193121
14000000 0.037659
1000000 0.133204
1000000 0.002532
2000000 0.273972
2000000 0.005776
3000000 0.425700
3000000 0.007171
5000000 0.735869
5000000 0.011867
6000000 0.890694
6000000 0.014051
8000000 1.206520
8000000 0.023695
9000000 1.371007
9000000 0.026319
10000000 1.531182
10000000 0.030684
12000000 1.863249
12000000 0.032906
14000000 2.198871
14000000 0.038245
1000000 0.135027
1000000 0.002561
2000000 0.275859
2000000 0.004887
3000000 0.425737
3000000 0.008370
5000000 0.734284
5000000 0.012092
6000000 0.895351
6000000 0.013917
8000000 1.264302
8000000 0.020405
9000000 1.373194
9000000 0.022824
10000000 1.528877
10000000 0.026390
12000000 1.876466
12000000 0.030614
14000000 2.173346
14000000 0.036994
1000000 0.134720
1000000 0.002470
2000000 0.271791
2000000 0.004758
3000000 0.428795
3000000 0.007200
5000000 0.737983
5000000 0.013742
6000000 0.885145
6000000 0.016813
8000000 1.198942
8000000 0.018498
9000000 1.373131
9000000 0.021710
10000000 1.565874
10000000 0.024948
12000000 1.886314
12000000 0.033214
14000000 2.196034
14000000 0.036204
1000000 0.138409
1000000 0.002669
2000000 0.276811
2000000 0.005477
3000000 0.422488
3000000 0.007000
5000000 0.732590
5000000 0.011818
6000000 0.928499
6000000 0.015299
8000000 1.262822
8000000 0.023447
9000000 1.368004
9000000 0.023404
10000000 1.562261
10000000 0.026113
12000000 1.871631
12000000 0.033325
14000000 2.221820
14000000 0.034375
1000000 0.132170
1000000 0.002489
2000000 0.274728
2000000 0.004944
3000000 0.423018
3000000 0.007205
5000000 0.727775
5000000 0.011787
6000000 0.885086
6000000 0.014424
8000000 1.211686
8000000 0.023655
9000000 1.380118
9000000 0.025454
10000000 1.557252
10000000 0.028001
12000000 1.848338
12000000 0.031442
14000000 2.181358
14000000 0.041995
1000000 0.132847
1000000 0.002802
2000000 0.279963
2000000 0.005055
3000000 0.421813
3000000 0.007183
5000000 0.737660
5000000 0.011665
6000000 0.909487
6000000 0.014121
8000000 1.214439
8000000 0.022128
9000000 1.392979
9000000 0.024489
10000000 1.533926
10000000 0.027755
12000000 1.883308
12000000 0.031242
14000000 2.201914
14000000 0.036587
1000000 0.132594
1000000 0.002683
2000000 0.275300
2000000 0.004960
3000000 0.420034
3000000 0.008837
5000000 0.731298
5000000 0.012334
6000000 0.892407
6000000 0.015333
8000000 1.205860
8000000 0.018726
9000000 1.374461
9000000 0.033003
10000000 1.673760
10000000 0.028228
12000000 1.919164
12000000 0.032735
14000000 2.270344
14000000 0.039064
1000000 0.136387
1000000 0.002658
2000000 0.276241
2000000 0.004728
3000000 0.426015
3000000 0.007614
5000000 0.733180
5000000 0.013228
6000000 0.900202
6000000 0.014120
8000000 1.292372
8000000 0.022103
9000000 1.418640
9000000 0.026987
10000000 1.557022
10000000 0.027176
12000000 1.860474
12000000 0.033619
14000000 2.238445
14000000 0.036879
1000000 0.133878
1000000 0.002581
2000000 0.275685
2000000 0.004858
3000000 0.431823
3000000 0.007433
5000000 0.732342
5000000 0.011680
6000000 0.884147
6000000 0.014015
8000000 1.216682
8000000 0.021205
9000000 1.371810
9000000 0.025533
10000000 1.539998
10000000 0.028792
12000000 1.867417
12000000 0.031619
14000000 2.310331
14000000 0.037380
1000000 0.141395
1000000 0.002473
2000000 0.276110
2000000 0.004981
3000000 0.423332
3000000 0.007094
5000000 0.731150
5000000 0.011919
6000000 0.887328
6000000 0.014125
8000000 1.227053
8000000 0.025076
9000000 1.401373
9000000 0.022480
10000000 1.532839
10000000 0.026006
12000000 1.862405
12000000 0.029211
14000000 2.177726
14000000 0.037002
1000000 0.132540
1000000 0.002566
2000000 0.283094
2000000 0.004975
3000000 0.430379
3000000 0.007047
5000000 0.744585
5000000 0.012402
6000000 0.890148
6000000 0.014079
8000000 1.227339
8000000 0.021998
9000000 1.377053
9000000 0.023412
10000000 1.542600
10000000 0.026502
12000000 1.852579
12000000 0.031193
14000000 2.227275
14000000 0.038069
1000000 0.131487
1000000 0.002483
2000000 0.278230
2000000 0.004872
3000000 0.432967
3000000 0.007621
5000000 0.739751
5000000 0.012206
6000000 0.909959
6000000 0.015451
8000000 1.215920
8000000 0.019924
9000000 1.407454
9000000 0.026700
10000000 1.562589
10000000 0.025034
12000000 1.877448
12000000 0.033034
14000000 2.247880
14000000 0.034576
1000000 0.132326
1000000 0.002661
2000000 0.275869
2000000 0.005339
3000000 0.426765
3000000 0.007295
5000000 0.755240
5000000 0.014258
6000000 0.913605
6000000 0.017305
8000000 1.243034
8000000 0.023288
9000000 1.417054
9000000 0.021556
10000000 1.570826
10000000 0.028857
12000000 1.919808
12000000 0.034099
14000000 2.223206
14000000 0.036513
1000000 0.130839
1000000 0.002674
2000000 0.272105
2000000 0.004880
3000000 0.422640
3000000 0.007459
5000000 0.762918
5000000 0.013748
6000000 0.920868
6000000 0.016714
8000000 1.240892
8000000 0.024603
9000000 1.423637
9000000 0.025440
10000000 1.579942
10000000 0.029573
12000000 1.925346
12000000 0.037421
14000000 2.235381
14000000 0.038241
