6
500 0.000236
500 0.000216
500 0.000023
1000 0.002243
1000 0.000196
1000 0.000016
4000 0.015593
4000 0.000975
4000 0.000032
5000 0.022425
5000 0.000381
5000 0.000015
10000 0.047760
10000 0.000772
10000 0.000021
15000 0.037187
15000 0.001097
15000 0.000029
30000 0.325125
30000 0.002542
30000 0.000056
50000 0.117630
50000 0.003766
50000 0.000100
100000 2.085875
100000 0.007869
100000 0.000231
350000 0.124305
350000 0.034843
350000 0.000733
750000 120.860168
750000 0.073703
750000 0.001587
1000000 271.725494
1000000 0.103408
1000000 0.002002
500 0.000173
500 0.000073
500 0.000003
1000 0.000511
1000 0.000055
1000 0.000003
4000 0.007700
4000 0.000553
4000 0.000014
5000 0.005348
5000 0.000326
5000 0.000019
10000 0.040279
10000 0.001273
10000 0.000022
15000 0.080898
15000 0.001211
15000 0.000031
30000 0.170200
30000 0.002181
30000 0.000054
50000 0.467727
50000 0.003884
50000 0.000091
100000 4.543769
100000 0.008818
100000 0.000200
350000 33.218341
350000 0.034955
350000 0.000863
750000 67.935114
750000 0.078157
750000 0.001918
1000000 421.985588
1000000 0.105036
1000000 0.001927
500 0.000119
500 0.000031
500 0.000003
1000 0.000181
1000 0.000077
1000 0.000004
4000 0.007323
4000 0.000290
4000 0.000008
5000 0.006978
5000 0.000512
5000 0.000011
10000 0.020541
10000 0.000701
10000 0.000032
15000 0.045738
15000 0.001101
15000 0.000028
30000 0.148791
30000 0.002177
30000 0.000065
50000 0.009279
50000 0.004748
50000 0.000116
100000 3.091058
100000 0.008654
100000 0.000198
350000 55.915543
350000 0.033784
350000 0.000960
750000 196.008757
750000 0.073973
750000 0.001531
1000000 316.080417
1000000 0.104737
1000000 0.002028
500 0.000085
500 0.000027
500 0.000003
1000 0.000736
1000 0.000056
1000 0.000017
4000 0.004114
4000 0.000270
4000 0.000009
5000 0.010419
5000 0.000327
5000 0.000011
10000 0.031308
10000 0.000702
10000 0.000032
15000 0.012580
15000 0.001071
15000 0.000028
30000 0.097183
30000 0.002302
30000 0.000069
50000 0.107404
50000 0.003766
50000 0.000089
100000 3.583097
100000 0.007945
100000 0.000202
350000 63.659346
350000 0.034191
350000 0.000838
750000 141.074429
750000 0.077315
750000 0.001482
1000000 287.607693
1000000 0.103585
1000000 0.002632
500 0.000027
500 0.000217
500 0.000003
1000 0.000190
1000 0.000067
1000 0.000004
4000 0.003095
4000 0.000255
4000 0.000009
5000 0.007500
5000 0.000332
5000 0.000010
10000 0.030720
10000 0.001165
10000 0.000060
15000 0.009108
15000 0.001155
15000 0.000028
30000 0.037816
30000 0.002389
30000 0.000056
50000 0.137555
50000 0.003999
50000 0.000146
100000 4.583290
100000 0.008104
100000 0.000198
350000 20.948493
350000 0.033548
350000 0.000647
750000 9.500368
750000 0.072462
750000 0.001761
1000000 104.262170
1000000 0.104673
1000000 0.001988
500 0.000132
500 0.000039
500 0.000003
1000 0.000221
1000 0.000070
1000 0.000004
4000 0.002798
4000 0.000259
4000 0.000025
5000 0.011819
5000 0.000339
5000 0.000010
10000 0.026532
10000 0.000707
10000 0.000032
15000 0.009985
15000 0.002203
15000 0.000028
30000 0.275884
30000 0.002336
30000 0.000053
50000 1.195861
50000 0.004254
50000 0.000154
100000 4.393191
100000 0.008522
100000 0.000291
350000 34.365318
350000 0.033754
350000 0.000693
750000 156.005526
750000 0.074290
750000 0.001574
1000000 382.752473
1000000 0.103223
1000000 0.001923
