3
500 0.000263
500 0.000111
500 0.000009
1000 0.000227
1000 0.000147
1000 0.000010
4000 0.019508
4000 0.000685
4000 0.000023
5000 0.000056
5000 0.001153
5000 0.000027
10000 0.054896
10000 0.000810
10000 0.000031
15000 0.027120
15000 0.001080
15000 0.000044
30000 0.223713
30000 0.002221
30000 0.000054
50000 0.876455
50000 0.003826
50000 0.000091
100000 1.779648
100000 0.009927
100000 0.000371
350000 32.499756
350000 0.034242
350000 0.000812
750000 147.482362
750000 0.075108
750000 0.001642
1000000 424.646606
1000000 0.106913
1000000 0.002011
500 0.000116
500 0.000031
500 0.000003
1000 0.000186
1000 0.000078
1000 0.000003
4000 0.007698
4000 0.000251
4000 0.000008
5000 0.004671
5000 0.000462
5000 0.000010
10000 0.016997
10000 0.000727
10000 0.000029
15000 0.102440
15000 0.001254
15000 0.000028
30000 0.207532
30000 0.002356
30000 0.000055
50000 0.349590
50000 0.004037
50000 0.000090
100000 1.206201
100000 0.010005
100000 0.000742
350000 36.736644
350000 0.034342
350000 0.000852
750000 138.981345
750000 0.073202
750000 0.001570
1000000 40.225967
1000000 0.098927
1000000 0.001795
500 0.000083
500 0.000041
500 0.000003
1000 0.000455
1000 0.000070
1000 0.000004
4000 0.003622
4000 0.000277
4000 0.000009
5000 0.007332
5000 0.000395
5000 0.000050
10000 0.009584
10000 0.000663
10000 0.000020
15000 0.011975
15000 0.001046
15000 0.000041
30000 0.255859
30000 0.002427
30000 0.000316
50000 0.776159
50000 0.003879
50000 0.000123
100000 4.396862
100000 0.008082
100000 0.000196
350000 45.881461
350000 0.032234
350000 0.000823
750000 80.066621
750000 0.073247
750000 0.001639
1000000 339.792717
1000000 0.099209
1000000 0.002131
