5
1000000 0.157229
1000000 0.002386
2000000 0.281642
2000000 0.004857
3000000 0.448520
3000000 0.007286
5000000 0.804812
5000000 0.012990
6000000 0.993053
6000000 0.014199
8000000 1.228527
8000000 0.020334
9000000 1.404814
9000000 0.026420
10000000 1.531618
10000000 0.028322
12000000 1.895329
12000000 0.033463
14000000 2.223516
14000000 0.037801
1000000 0.143900
1000000 0.002520
2000000 0.295272
2000000 0.004521
3000000 0.423041
3000000 0.007161
5000000 0.736726
5000000 0.012447
6000000 0.892577
6000000 0.014026
8000000 1.211401
8000000 0.018550
9000000 1.372581
9000000 0.023601
10000000 1.538633
10000000 0.026697
12000000 1.875989
12000000 0.033891
14000000 2.174051
14000000 0.035157
1000000 0.132513
1000000 0.002579
2000000 0.279011
2000000 0.004803
3000000 0.436462
3000000 0.007282
5000000 0.738021
5000000 0.011647
6000000 0.883189
6000000 0.017734
8000000 1.206940
8000000 0.023748
9000000 1.371472
9000000 0.027326
10000000 1.544209
10000000 0.025439
12000000 1.841632
12000000 0.032121
14000000 2.227924
14000000 0.037061
1000000 0.130814
1000000 0.002450
2000000 0.272276
2000000 0.004861
3000000 0.418665
3000000 0.007780
5000000 0.734280
5000000 0.011699
6000000 0.893454
6000000 0.016500
8000000 1.243105
8000000 0.018483
9000000 1.376629
9000000 0.023952
10000000 1.539463
10000000 0.024365
12000000 1.853664
12000000 0.030164
14000000 2.193290
14000000 0.040927
1000000 0.132883
1000000 0.002652
2000000 0.277916
2000000 0.005074
3000000 0.421914
3000000 0.007160
5000000 0.727085
5000000 0.012369
6000000 0.882494
6000000 0.014201
8000000 1.232667
8000000 0.022824
9000000 1.365500
9000000 0.022143
10000000 1.545498
10000000 0.026399
12000000 1.882697
12000000 0.035040
14000000 2.182337
14000000 0.040776
