20
1000 0.000806
1000 0.000138
1000 0.000008
2000 0.001041
2000 0.000150
2000 0.000006
3000 0.003713
3000 0.000382
3000 0.000018
4000 0.011269
4000 0.000516
4000 0.000119
5000 0.002014
5000 0.000620
5000 0.000017
10000 0.032193
10000 0.000708
10000 0.000032
15000 0.000833
15000 0.001076
15000 0.000038
20000 0.173557
20000 0.001509
20000 0.000036
35000 0.153041
35000 0.002711
35000 0.000074
50000 1.172606
50000 0.004072
50000 0.000100
75000 2.089475
75000 0.008693
75000 0.000191
100000 4.798846
100000 0.008063
100000 0.000256
1000 0.002041
1000 0.000173
1000 0.000004
2000 0.001824
2000 0.000137
2000 0.000015
3000 0.000460
3000 0.000218
3000 0.000037
4000 0.003072
4000 0.000298
4000 0.000233
5000 0.009469
5000 0.001237
5000 0.000011
10000 0.009066
10000 0.000686
10000 0.000020
15000 0.035534
15000 0.001096
15000 0.000075
20000 0.126260
20000 0.001431
20000 0.000036
35000 0.480454
35000 0.003223
35000 0.000064
50000 0.660997
50000 0.003992
50000 0.000106
75000 1.767487
75000 0.006031
75000 0.000200
100000 1.668595
100000 0.008110
100000 0.000243
1000 0.000595
1000 0.000054
1000 0.000003
2000 0.001379
2000 0.000115
2000 0.000005
3000 0.001615
3000 0.000179
3000 0.000007
4000 0.008892
4000 0.000250
4000 0.000009
5000 0.006724
5000 0.000344
5000 0.000024
10000 0.047501
10000 0.000807
10000 0.000034
15000 0.106681
15000 0.001274
15000 0.000084
20000 0.207572
20000 0.001443
20000 0.000036
35000 0.276845
35000 0.002694
35000 0.000066
50000 0.094671
50000 0.003981
50000 0.000092
75000 1.541926
75000 0.006233
75000 0.000161
100000 1.765965
100000 0.008735
100000 0.000205
1000 0.000431
1000 0.000057
1000 0.000018
2000 0.000119
2000 0.000136
2000 0.000005
3000 0.001540
3000 0.000182
3000 0.000007
4000 0.004207
4000 0.000345
4000 0.000322
5000 0.009587
5000 0.000353
5000 0.000011
10000 0.049465
10000 0.000817
10000 0.000020
15000 0.009384
15000 0.001088
15000 0.000028
20000 0.083355
20000 0.001676
20000 0.000038
35000 0.050431
35000 0.004061
35000 0.000098
50000 0.585573
50000 0.003892
50000 0.000090
75000 1.013983
75000 0.006626
75000 0.000156
100000 3.102927
100000 0.008766
100000 0.000652
1000 0.000064
1000 0.000055
1000 0.000004
2000 0.003269
2000 0.000166
2000 0.000006
3000 0.004400
3000 0.000202
3000 0.000007
4000 0.006402
4000 0.000282
4000 0.000009
5000 0.011851
5000 0.000357
5000 0.000011
10000 0.056925
10000 0.001080
10000 0.000322
15000 0.053679
15000 0.001267
15000 0.000028
20000 0.179577
20000 0.001711
20000 0.000393
35000 0.156160
35000 0.003461
35000 0.000073
50000 0.569224
50000 0.004335
50000 0.000093
75000 0.300872
75000 0.005809
75000 0.000205
100000 2.627349
100000 0.007786
100000 0.000251
1000 0.000083
1000 0.000099
1000 0.000298
2000 0.003865
2000 0.000146
2000 0.000005
3000 0.000694
3000 0.000203
3000 0.000007
4000 0.003062
4000 0.000248
4000 0.000008
5000 0.014209
5000 0.000341
5000 0.000024
10000 0.038297
10000 0.000711
10000 0.000032
15000 0.113718
15000 0.001237
15000 0.000028
20000 0.036907
20000 0.001767
20000 0.000038
35000 0.207025
35000 0.002541
35000 0.000062
50000 0.695901
50000 0.003993
50000 0.000100
75000 2.815522
75000 0.006470
75000 0.000158
100000 1.452669
100000 0.008833
100000 0.000201
1000 0.000131
1000 0.000081
1000 0.000003
2000 0.000923
2000 0.000126
2000 0.000006
3000 0.000234
3000 0.000202
3000 0.000007
4000 0.002671
4000 0.000308
4000 0.000010
5000 0.004142
5000 0.000341
5000 0.000011
10000 0.022505
10000 0.000809
10000 0.000020
15000 0.012861
15000 0.001055
15000 0.000030
20000 0.166219
20000 0.001715
20000 0.000048
35000 0.590478
35000 0.002714
35000 0.000074
50000 0.692608
50000 0.004385
50000 0.000103
75000 0.352834
75000 0.005694
75000 0.000144
100000 2.702473
100000 0.008045
100000 0.000357
1000 0.000888
1000 0.000454
1000 0.000004
2000 0.002368
2000 0.000312
2000 0.000006
3000 0.002351
3000 0.000256
3000 0.000008
4000 0.006128
4000 0.000265
4000 0.000021
5000 0.007232
5000 0.000862
5000 0.000012
10000 0.037975
10000 0.000768
10000 0.000021
15000 0.003909
15000 0.001019
15000 0.000028
20000 0.016434
20000 0.001711
20000 0.000047
35000 0.213836
35000 0.002578
35000 0.000063
50000 0.224412
50000 0.004012
50000 0.000113
75000 2.926427
75000 0.005742
75000 0.000155
100000 4.768646
100000 0.008060
100000 0.000197
1000 0.000332
1000 0.000067
1000 0.000022
2000 0.000515
2000 0.000125
2000 0.000022
3000 0.004093
3000 0.000337
3000 0.000560
4000 0.005208
4000 0.000322
4000 0.000009
5000 0.011015
5000 0.000381
5000 0.000202
10000 0.007209
10000 0.000745
10000 0.000020
15000 0.074281
15000 0.001067
15000 0.000028
20000 0.162142
20000 0.001509
20000 0.000037
35000 0.545742
35000 0.002598
35000 0.000077
50000 0.834204
50000 0.004970
50000 0.000223
75000 0.093572
75000 0.006242
75000 0.000154
100000 5.255691
100000 0.008199
100000 0.000205
1000 0.000447
1000 0.000072
1000 0.000004
2000 0.001916
2000 0.000129
2000 0.000008
3000 0.001139
3000 0.000206
3000 0.000007
4000 0.005016
4000 0.000298
4000 0.000009
5000 0.011396
5000 0.000326
5000 0.000023
10000 0.019771
10000 0.000797
10000 0.000038
15000 0.066098
15000 0.001167
15000 0.000028
20000 0.207017
20000 0.001597
20000 0.000050
35000 0.576880
35000 0.002944
35000 0.000064
50000 0.909771
50000 0.004211
50000 0.000091
75000 1.218502
75000 0.005792
75000 0.000392
100000 0.473860
100000 0.007905
100000 0.000295
1000 0.001013
1000 0.000057
1000 0.000004
2000 0.001005
2000 0.000288
2000 0.000005
3000 0.000038
3000 0.000660
3000 0.000007
4000 0.006187
4000 0.000275
4000 0.000009
5000 0.006183
5000 0.000378
5000 0.000012
10000 0.007115
10000 0.000753
10000 0.000215
15000 0.061829
15000 0.001053
15000 0.000027
20000 0.132320
20000 0.001484
20000 0.000036
35000 0.197626
35000 0.002741
35000 0.000062
50000 1.295598
50000 0.004195
50000 0.000100
75000 2.100288
75000 0.005711
75000 0.000197
100000 2.595738
100000 0.007800
100000 0.000252
1000 0.000988
1000 0.000105
1000 0.000022
2000 0.000762
2000 0.000345
2000 0.000025
3000 0.002332
3000 0.000260
3000 0.000008
4000 0.001064
4000 0.000574
4000 0.000022
5000 0.010103
5000 0.000623
5000 0.000287
10000 0.020349
10000 0.000713
10000 0.000050
15000 0.079636
15000 0.001125
15000 0.000029
20000 0.185808
20000 0.001477
20000 0.000037
35000 0.146135
35000 0.002726
35000 0.000063
50000 1.059275
50000 0.003993
50000 0.000101
75000 1.561846
75000 0.005991
75000 0.000152
100000 2.187146
100000 0.007963
100000 0.000289
1000 0.001048
1000 0.000057
1000 0.000004
2000 0.001169
2000 0.000155
2000 0.000005
3000 0.002460
3000 0.000195
3000 0.000008
4000 0.003803
4000 0.000249
4000 0.000009
5000 0.003778
5000 0.000493
5000 0.000024
10000 0.037494
10000 0.000691
10000 0.000018
15000 0.000195
15000 0.001625
15000 0.000029
20000 0.119186
20000 0.001411
20000 0.000036
35000 0.134149
35000 0.002727
35000 0.000063
50000 0.141691
50000 0.004051
50000 0.000113
75000 2.262337
75000 0.005906
75000 0.000199
100000 2.028531
100000 0.008036
100000 0.000242
1000 0.000380
1000 0.000284
1000 0.000003
2000 0.001702
2000 0.000116
2000 0.000005
3000 0.003123
3000 0.000186
3000 0.000007
4000 0.003764
4000 0.000590
4000 0.000009
5000 0.008608
5000 0.000406
5000 0.000011
10000 0.017962
10000 0.000693
10000 0.000033
15000 0.068984
15000 0.001090
15000 0.000029
20000 0.076652
20000 0.001796
20000 0.000038
35000 0.533751
35000 0.002575
35000 0.000063
50000 0.570215
50000 0.004048
50000 0.000111
75000 0.436536
75000 0.005910
75000 0.000195
100000 0.527696
100000 0.008124
100000 0.000201
1000 0.000209
1000 0.000066
1000 0.000004
2000 0.000624
2000 0.000125
2000 0.000005
3000 0.000129
3000 0.000188
3000 0.000007
4000 0.005049
4000 0.000285
4000 0.000009
5000 0.007973
5000 0.000348
5000 0.000010
10000 0.031185
10000 0.000972
10000 0.000019
15000 0.000316
15000 0.001072
15000 0.000038
20000 0.110236
20000 0.001557
20000 0.000046
35000 0.078030
35000 0.002541
35000 0.000063
50000 1.340768
50000 0.004043
50000 0.000100
75000 0.147295
75000 0.006303
75000 0.000145
100000 0.741819
100000 0.009057
100000 0.000192
1000 0.000299
1000 0.000094
1000 0.000003
2000 0.000980
2000 0.000126
2000 0.000014
3000 0.003249
3000 0.000219
3000 0.000184
4000 0.008532
4000 0.000374
4000 0.000036
5000 0.005779
5000 0.000710
5000 0.000012
10000 0.039494
10000 0.000703
10000 0.000032
15000 0.098546
15000 0.001034
15000 0.000030
20000 0.130967
20000 0.001466
20000 0.000038
35000 0.533944
35000 0.003754
35000 0.000064
50000 0.792782
50000 0.004743
50000 0.000290
75000 0.815891
75000 0.006602
75000 0.000144
100000 1.939390
100000 0.008007
100000 0.000205
1000 0.000132
1000 0.000073
1000 0.000004
2000 0.001037
2000 0.000127
2000 0.000005
3000 0.003379
3000 0.000206
3000 0.000008
4000 0.007480
4000 0.000324
4000 0.000009
5000 0.010697
5000 0.000347
5000 0.000011
10000 0.043440
10000 0.000887
10000 0.000039
15000 0.041909
15000 0.001362
15000 0.000036
20000 0.021969
20000 0.001524
20000 0.000038
35000 0.100401
35000 0.002878
35000 0.000074
50000 0.905135
50000 0.004130
50000 0.000090
75000 1.596293
75000 0.006176
75000 0.000436
100000 1.339624
100000 0.008766
100000 0.000212
1000 0.000309
1000 0.000076
1000 0.000023
2000 0.001445
2000 0.000138
2000 0.000027
3000 0.002513
3000 0.000209
3000 0.000007
4000 0.002593
4000 0.000338
4000 0.000163
5000 0.004548
5000 0.000492
5000 0.000011
10000 0.047682
10000 0.000771
10000 0.000020
15000 0.081722
15000 0.001068
15000 0.000028
20000 0.178709
20000 0.001647
20000 0.000037
35000 0.054451
35000 0.002814
35000 0.000074
50000 0.270415
50000 0.004065
50000 0.000114
75000 1.620125
75000 0.005874
75000 0.000467
100000 1.911532
100000 0.007798
100000 0.000244
1000 0.000835
1000 0.000057
1000 0.000004
2000 0.000065
2000 0.000115
2000 0.000005
3000 0.003615
3000 0.000246
3000 0.000007
4000 0.006985
4000 0.000257
4000 0.000018
5000 0.004515
5000 0.000959
5000 0.000017
10000 0.022447
10000 0.000901
10000 0.000020
15000 0.075448
15000 0.001535
15000 0.000028
20000 0.097063
20000 0.001437
20000 0.000036
35000 0.500781
35000 0.002534
35000 0.000063
50000 0.619109
50000 0.003980
50000 0.000101
75000 2.740022
75000 0.005763
75000 0.000322
100000 2.626273
100000 0.008755
100000 0.000457
1000 0.000334
1000 0.000068
1000 0.000003
2000 0.001500
2000 0.000126
2000 0.000005
3000 0.003976
3000 0.000201
3000 0.000006
4000 0.001799
4000 0.000261
4000 0.000051
5000 0.003537
5000 0.000327
5000 0.000011
10000 0.005836
10000 0.000690
10000 0.000032
15000 0.048588
15000 0.001121
15000 0.000039
20000 0.166873
20000 0.001705
20000 0.000037
35000 0.266720
35000 0.002710
35000 0.000073
50000 0.422003
50000 0.003944
50000 0.000093
75000 2.933432
75000 0.005785
75000 0.000301
100000 3.356603
100000 0.007824
100000 0.000204